image: carto4.pgm
resolution: 0.050000
origin: [-22.987202, -4.352624, 0.000000]
negate: 0
occupied_thresh: 0.65
free_thresh: 0.196

